2322432
9015296
995332
9015307
6989837
1754456
6924312
3334148
6930463
7288867
1738788
9568297
7278637
8262721
7010356
9150517
7411771
7411774
6211649
6109251
1409094
7278663
8376392
9859147
7010381
1409102
10129488
9812331
8986716
6109277
6922335
8986722
5570659
5570660
7288933
5445735
8986729
8761450
3825773
7612527
964720
8552562
3203187
4272244
7612533
1681526
5482615
8560767
5681280
9493184
7544171
5531780
8986757
7917704
6109323
5824536
8685716
1986709
6109334
3301527
8685723
1235101
8155294
2054307
10129575
8155304
1704107
1704108
6109358
6109359
5642416
5189809
7403700
7651511
7651518
10588351
6109377
5337282
4600004
9470156
4436173
9791697
4352035
8597722
8708318
4335840
9629392
7741771
3893477
3004649
10125418
7816231
10219766
7305463
1409276
8861952
8976641
8515842
7966982
8509710
7249283
8509717
10219798
10137880
7302670
5468447
10121332
5792034
10017841
9312557
7725366
10502461
2468161
4806978
8315205
7909707
6997819
6596323
2521432
2392413
9269602
4637031
7147881
5407083
10017853
7708392
9273714
3209589
7764347
1804673
9560455
2171970
8765507
1677720
9918113
5435809
8777798
7694760
5788073
5276079
7694772
5829052
7694753
5794248
8533068
7793099
7793100
8614350
9198031
9232849
8614354
7891416
3011671
1995227
7883231
8516065
2722274
7883235
9269611
9548261
7928294
8516072
2437613
1313797
8516081
2308594
7590392
5775868
8346113
8346123
2152972
9636365
2679310
3912208
1501717
4340246
9751063
8884762
10588700
9746975
1579555
1688100
8884774
10129500
6058507
7289387
8884781
6086749
8078772
9120316
9433667
1016388
9210438
9210440
9314060
5570658
6482511
10196221
5216852
10129508
1077851
10314336
8764001
9224804
1079914
8013927
8065644
10314354
8065653
8937577
7946873
5522042
8764027
9386620
8560746
5603967
4821634
8764036
8090251
7119502
8986733
4037265
7119506
6888085
10227481
8180377
10105505
8776354
10195622
8182439
8182441
10246827
2212530
8991411
2706101
8986740
7596732
7436992
8776387
8776388
5212871
1931977
7612535
7288909
8616657
9910994
6315130
9493222
9135226
7288774
8252153
7889661
7904001
8344705
1030921
6224651
2159372
9663522
8901421
8667921
3588886
7783191
9386950
7411844
9493274
4297499
8262677
10296794
7295778
8424232
10593065
6150957
3855150
9065263
10129544
3855154
8901427
613175
4297528
8553610
2356041
1321803
5213007
5802808
8811350
2292569
9046883
9046888
2650988
5020527
4547444
7306107
7738237
7544982
7080839
4398232
4888387
2485142
2483695
9763740
9342449
8876972
10435058
8369071
7910320
8807346
6225872
5148148
9823164
2026997
9970983
4436144
8649670
8014796
1450968
6923225
8971228
8532959
2982893
8532979
2683896
8532988
7224319
6312960
4635650
8630191
7990279
3587081
7136269
1704110
10017815
9663514
8097967
2423838
8623137
7255074
2613428
5618724
4295719
9663529
8262698
7113771
10449969
1907765
7939126
7939129
2282554
8262715
7255101
7255105
8553538
4864523
8553542
10304695
7035980
8496994
8262734
9253968
6841425
7298132
8346126
7273559
8262745
9253988
1242971
4830316
7509105
8492146
7367797
8459382
7711866
7136380
8625281
9188483
8625285
8713350
9853804
7685258
3558545
8625299
8625304
2501785
7685277
7732383
2501792
1436838
2501801
8625323
8809645
2905263
8625329
10142899
2114761
5428408
9133241
10142906
5080251
7371965
4162750
4928703
10304706
8625349
5829833
8625355
9123362
7214286
6109389
8625360
4861143
8625368
2114779
8119516
7711968
5453008
8625378
4182907
2628837
3218665
3468522
7544043
3638508
6941935
8457457
7544053
10196215
6794488
6173947
7544061
6173950
6591832
6941953
8625412
10534150
6941959
10382601
6933770
8625423
6962392
10196242
8625429
3427606
4472088
2889263
10196253
10341662
9970977
7904547
5944612
8625447
7308584
2127145
8142122
6941575
8625453
7724334
7308591
10050864
7929140
8625462
8713400
5944638
7327039
9588032
9585987
8625477
4310347
726353
726354
10191038
7544152
8718223
5388176
8050020
8340369
8981867
2874737
2262391
2168185
2686333
3063171
8981894
9108875
3274130
9887299
9108886
6927767
8439192
6927773
9045406
5420450
3063205
7632296
8027564
8768946
5414324
1549752
3401147
8078781
5420478
8027585
8041922
8078788
10317775
7957959
3851721
7220683
9625040
10196216
7800276
7957978
8959046
6941947
2139623
1175021
7478767
2483696
8130033
7099890
5871091
5500404
3108341
3452415
5500416
3599875
7099910
6841867
5801484
7099918
4713999
2590224
8949266
7646743
1441306
6948783
7099934
6438433
1506850
2339435
5060132
8462598
7099945
6438445
7099950
8496687
4707888
4138545
8793650
2339419
9483843
2523019
7562830
1766995
7040597
7302743
4574003
2467418
7562843
7562847
8965731
7298662
2114833
5574248
8965737
5598826
5787243
9483887
9270023
8965747
7400440
8965750
3780216
2229883
9670268
968298
8312447
8764011
9306713
10143372
9483919
5861014
9950871
7939738
7894683
9483934
4437664
1877665
5598882
8496805
8580774
9590446
6739634
9483956
8253109
8580791
4372158
6107765
9113283
1806030
4959952
9887352
1896155
9436893
5414625
9436898
5414627
5414629
5414631
6741736
4871914
7585515
6354668
5951101
10129565
8185586
7708403
8709876
9970985
6596344
7586431
2531071
5349120
1519361
8765190
8832775
8832780
4037250
10125272
6596371
6354713
9979183
7780137
9430827
7841580
7489327
1523509
8791867
4575037
8206143
7841601
8824642
7372611
7298884
6354760
9176905
6207308
8718162
7596686
2940759
1149583
10151772
10139487
9176930
667125
8718182
9176953
6932356
2965825
8509323
3862413
3562477
7587851
3372945
1445782
10105497
9465752
6597719
6809501
7288734
7552927
2586530
9953899
8718244
9127845
2586536
9007023
7552948
4921270
3638507
6354874
2031551
5420992
2680770
3925611
4632518
10195617
7739337
8890315
8630220
8182434
7586421
4558800
4984785
4984786
10477561
1669080
4558809
8959063
1669085
4933748
10125283
2265060
2265061
7772139
8640492
9060334
4928702
7288820
7974902
10195625
3891193
994303
10477564
